1,1074,1499,
1,1123,1499,
1,167,501,1499,
